201101146
201101164
201150836
201250810
201250819
201250822
201350823
201305509
201305511
201305513
201305516
201305521
201305522
201305531
201305533
201305535
201305536
201305538
201305549
201305550
201305553
201305555
201305560
201305562
201305567
201305573
201305596
201305606
201305609
201305617
201305620
201305622
201305625
201305626
201305661
201350882
201350890
201405581
201405633
201405522
201405583
201405524
201405577
201405525
201405529
201405637
201405518
201405531
201405558
201405549
201405513
201405571
201405551
201405616
201405601
201405544
201405559
201405627
201405638
201405533
201405537
201405590
201405605
201405597
201405560
201405621
201405614
201450865
201450866
